a = 3
b = [2 3]
c = [5;1]
2d = [1 2;3 4] 
e = [1 3;2 4] 
f = eye(2)
